%%MatrixMarket matrix coordinate real general
54 2516 4882                                      
1 1 1
1 2 2
1 3 2
1 4 1
1 5 1
1 6 1
1 7 1
1 8 1
1 9 1
1 10 1
1 11 1
1 12 2
1 13 1
1 14 1
1 15 1
1 16 1
1 17 2
1 18 1
1 19 1
1 20 2
1 21 1
1 22 1
1 23 1
1 24 1
1 25 2
1 26 1
1 27 1
1 28 1
1 29 1
1 30 1
1 31 1
1 32 1
1 33 2
1 34 1
1 35 1
1 36 1
1 37 1
1 38 1
1 39 1
1 40 1
1 41 1
1 42 3
1 43 1
1 44 1
2 1 1
2 2 1
2 3 1
2 4 3
2 10 2
2 12 1
2 13 1
2 16 1
2 17 2
2 26 2
2 27 1
2 28 1
2 35 1
2 42 1
2 43 1
2 45 1
2 46 1
2 47 2
2 48 1
2 49 1
2 50 1
2 51 1
2 52 1
2 53 1
2 54 1
2 55 1
2 56 1
2 57 1
2 58 1
2 59 1
2 60 1
2 61 1
2 62 1
2 63 1
2 64 1
2 65 1
2 66 1
2 67 1
2 68 1
2 69 1
2 70 1
2 71 1
2 72 1
2 73 1
2 74 1
2 75 1
2 76 1
2 77 1
2 78 1
2 79 1
2 80 1
2 81 1
2 82 3
2 83 1
2 84 1
2 85 1
2 86 1
2 87 1
2 88 1
2 89 1
2 90 1
2 91 1
2 92 1
2 93 1
2 94 1
2 95 3
2 96 1
2 97 2
2 98 1
2 99 1
2 100 1
2 101 1
2 102 1
2 103 1
2 104 1
2 105 1
2 106 1
2 107 2
2 108 1
2 109 1
2 110 2
2 111 1
2 112 1
2 113 1
2 114 1
2 115 1
2 116 3
2 117 1
2 118 2
2 119 1
2 120 2
2 121 1
2 122 1
2 123 1
2 124 1
2 125 1
2 126 1
2 127 1
2 128 2
2 129 1
2 130 3
3 1 1
3 2 1
3 13 1
3 17 3
3 26 1
3 40 2
3 42 1
3 49 1
3 53 1
3 55 1
3 78 1
3 97 1
3 115 1
3 131 1
3 132 1
3 133 1
3 134 1
3 135 1
3 136 1
3 137 1
3 138 1
3 139 1
3 140 1
3 141 1
3 142 1
3 143 1
3 144 1
3 145 1
3 146 1
3 147 1
3 148 1
3 149 1
3 150 1
3 151 1
3 152 1
3 153 1
3 154 1
3 155 1
3 156 1
3 157 1
3 158 3
3 159 1
3 160 1
3 161 1
3 162 1
3 163 1
3 164 1
3 165 1
3 166 4
3 167 3
3 168 2
3 169 1
3 170 1
3 171 1
3 172 2
3 173 1
3 174 1
3 175 1
3 176 1
3 177 1
3 178 3
3 179 3
3 180 1
3 181 1
3 182 2
3 183 1
3 184 1
3 185 1
3 186 1
3 187 1
3 188 1
3 189 1
3 190 1
3 191 1
3 192 1
3 193 1
3 194 1
3 195 1
3 196 1
3 197 3
3 198 1
3 199 1
3 200 1
3 201 2
3 202 1
3 203 1
3 204 1
3 205 2
3 206 1
3 207 1
3 208 1
3 209 1
3 210 2
3 211 2
3 212 1
3 213 2
3 214 3
3 215 2
3 216 1
3 217 1
3 218 1
3 219 1
3 220 1
3 221 1
3 222 1
3 223 1
3 224 3
3 225 1
4 2 1
4 3 1
4 17 1
4 43 1
4 50 1
4 62 1
4 71 1
4 75 1
4 110 1
4 112 1
4 113 1
4 119 1
4 144 1
4 209 1
4 226 1
4 227 1
4 228 1
4 229 1
4 230 1
4 231 1
4 232 1
4 233 1
4 234 1
4 235 1
4 236 2
4 237 1
4 238 1
4 239 1
4 240 1
4 241 1
4 242 1
4 243 1
4 244 1
4 245 1
4 246 1
4 247 1
4 248 1
4 249 1
4 250 1
4 251 2
4 252 1
4 253 1
4 254 1
4 255 1
4 256 1
4 257 1
4 258 1
4 259 1
4 260 1
4 261 1
4 262 3
4 263 1
4 264 1
4 265 1
4 266 1
4 267 1
4 268 1
4 269 1
4 270 1
4 271 1
4 272 1
4 273 1
4 274 1
4 275 1
4 276 1
4 277 1
4 278 1
4 279 1
4 280 1
4 281 2
4 282 1
4 283 1
4 284 1
4 285 1
4 286 1
4 287 1
5 2 1
5 3 3
5 4 1
5 17 1
5 37 1
5 40 3
5 42 3
5 55 1
5 97 2
5 112 2
5 128 1
5 138 2
5 146 3
5 153 1
5 166 5
5 174 1
5 180 1
5 193 2
5 201 1
5 214 2
5 230 1
5 239 1
5 240 1
5 245 1
5 249 1
5 264 2
5 265 1
5 273 1
5 283 1
5 288 1
5 289 1
5 290 1
5 291 1
5 292 1
5 293 1
5 294 1
5 295 1
5 296 1
5 297 1
5 298 1
5 299 1
5 300 1
5 301 1
5 302 1
5 303 1
5 304 1
5 305 1
5 306 1
5 307 1
5 308 1
5 309 1
5 310 1
5 311 1
5 312 1
5 313 2
5 314 1
5 315 1
5 316 1
5 317 1
5 318 1
5 319 1
5 320 1
5 321 2
5 322 2
5 323 1
5 324 1
5 325 1
5 326 1
5 327 2
5 328 1
5 329 1
5 330 1
5 331 2
5 332 2
5 333 1
5 334 1
5 335 1
5 336 1
5 337 1
5 338 1
5 339 1
5 340 1
5 341 1
5 342 1
5 343 2
5 344 1
5 345 1
5 346 1
5 347 1
5 348 3
5 349 1
5 350 2
5 351 2
5 352 1
5 353 1
5 354 1
5 355 1
5 356 1
5 357 1
5 358 1
5 359 2
5 360 1
5 361 1
5 362 1
5 363 1
5 364 1
6 2 1
6 3 4
6 4 3
6 5 1
6 7 1
6 17 2
6 21 2
6 26 1
6 28 2
6 31 1
6 41 1
6 42 2
6 43 1
6 78 2
6 110 1
6 112 2
6 113 2
6 130 3
6 187 1
6 193 2
6 196 1
6 199 1
6 230 1
6 239 1
6 240 1
6 245 2
6 265 2
6 273 2
6 278 1
6 297 1
6 298 1
6 301 1
6 303 1
6 311 2
6 313 1
6 326 1
6 338 1
6 348 1
6 365 1
6 366 1
6 367 1
6 368 1
6 369 2
6 370 2
6 371 2
6 372 1
6 373 1
6 374 1
6 375 2
6 376 1
6 377 1
6 378 1
6 379 1
6 380 1
6 381 3
6 382 1
6 383 1
6 384 1
6 385 1
6 386 2
6 387 1
6 388 1
6 389 1
6 390 1
6 391 1
6 392 1
6 393 1
6 394 1
6 395 1
6 396 1
6 397 2
6 398 1
6 399 2
6 400 1
6 401 1
7 3 1
7 4 1
7 5 1
7 9 1
7 10 1
7 11 1
7 17 3
7 40 1
7 42 1
7 58 3
7 104 1
7 112 1
7 113 1
7 166 2
7 230 1
7 240 1
7 263 1
7 265 1
7 266 1
7 284 1
7 288 2
7 348 1
7 374 1
7 402 1
7 403 1
7 404 1
7 405 1
7 406 1
7 407 1
7 408 1
7 409 1
7 410 1
7 411 1
7 412 1
7 413 1
8 2 1
8 3 3
8 10 1
8 17 2
8 26 1
8 55 1
8 90 1
8 110 1
8 112 1
8 146 1
8 240 1
8 265 1
8 267 1
8 278 1
8 288 3
8 396 1
8 414 1
8 415 1
8 416 1
8 417 1
8 418 1
8 419 1
8 420 1
8 421 1
8 422 1
8 423 2
8 424 1
8 425 3
8 426 2
8 427 1
8 428 1
8 429 1
8 430 1
8 431 1
8 432 1
9 2 1
9 3 1
9 5 1
9 17 1
9 43 1
9 50 2
9 62 1
9 71 1
9 75 1
9 110 1
9 112 1
9 119 1
9 144 1
9 209 1
9 226 1
9 229 1
9 230 1
9 231 1
9 232 1
9 233 1
9 235 1
9 236 2
9 237 1
9 238 1
9 239 1
9 240 1
9 241 1
9 242 1
9 245 1
9 247 1
9 248 1
9 249 1
9 250 1
9 251 2
9 252 1
9 253 1
9 254 1
9 256 1
9 257 1
9 258 1
9 259 1
9 260 1
9 261 1
9 262 3
9 263 1
9 264 1
9 265 1
9 266 1
9 267 1
9 268 1
9 269 1
9 270 1
9 271 1
9 273 1
9 274 1
9 275 1
9 278 1
9 279 1
9 280 1
9 281 2
9 282 1
9 283 1
9 284 1
9 286 1
9 287 1
9 405 2
9 406 1
9 413 1
9 414 1
10 3 2
10 4 1
10 5 2
10 7 2
10 17 3
10 23 1
10 26 1
10 42 2
10 43 1
10 49 1
10 65 1
10 112 1
10 130 2
10 184 1
10 189 1
10 238 1
10 240 1
10 265 1
10 273 2
10 297 1
10 308 1
10 348 2
10 391 1
10 397 1
10 410 1
10 414 1
10 433 1
10 434 1
10 435 1
10 436 1
10 437 1
10 438 1
10 439 1
10 440 2
10 441 1
10 442 2
10 443 1
10 444 1
10 445 1
10 446 1
10 447 1
10 448 1
10 449 1
10 450 1
10 451 1
10 452 1
10 453 1
10 454 1
10 455 1
10 456 2
10 457 1
10 458 1
10 459 1
10 460 1
10 461 2
10 462 1
10 463 1
10 464 1
10 465 1
10 466 1
11 3 1
11 13 1
11 31 2
11 40 1
11 46 1
11 65 1
11 70 1
11 96 1
11 97 1
11 102 1
11 106 1
11 107 1
11 112 1
11 128 1
11 130 2
11 135 2
11 150 1
11 152 1
11 174 1
11 181 4
11 214 1
11 216 1
11 236 2
11 242 1
11 273 1
11 295 2
11 340 1
11 347 1
11 351 1
11 359 1
11 362 1
11 397 1
11 424 2
11 426 1
11 432 1
11 456 2
11 467 1
11 468 1
11 469 1
11 470 1
11 471 1
11 472 1
11 473 1
11 474 1
11 475 1
11 476 1
11 477 1
11 478 1
11 479 1
11 480 1
11 481 1
11 482 1
11 483 1
11 484 1
11 485 1
11 486 1
11 487 1
11 488 1
11 489 1
11 490 1
11 491 1
11 492 1
11 493 1
11 494 1
11 495 1
11 496 1
11 497 1
11 498 1
11 499 1
11 500 1
11 501 1
11 502 1
11 503 1
11 504 1
11 505 1
11 506 1
11 507 1
11 508 1
11 509 1
11 510 1
11 511 1
11 512 1
11 513 1
11 514 1
11 515 1
11 516 1
11 517 1
11 518 1
11 519 1
11 520 1
11 521 1
11 522 1
11 523 2
11 524 1
11 525 1
11 526 1
11 527 1
11 528 1
11 529 1
11 530 1
11 531 1
11 532 1
11 533 1
11 534 1
11 535 1
11 536 1
11 537 1
11 538 1
11 539 1
11 540 1
12 8 2
12 23 1
12 35 2
12 40 2
12 42 1
12 53 1
12 75 1
12 94 2
12 105 1
12 124 3
12 131 1
12 138 2
12 161 1
12 173 1
12 193 1
12 221 1
12 243 1
12 255 1
12 302 1
12 313 1
12 344 1
12 345 1
12 351 1
12 410 3
12 413 2
12 453 2
12 482 1
12 541 1
12 542 2
12 543 1
12 544 1
12 545 1
12 546 3
12 547 1
12 548 1
12 549 1
12 550 1
12 551 1
12 552 1
12 553 1
12 554 1
12 555 2
12 556 1
12 557 1
12 558 6
12 559 1
12 560 1
12 561 1
12 562 1
12 563 1
12 564 1
12 565 1
12 566 1
12 567 1
12 568 2
12 569 1
12 570 1
12 571 1
12 572 1
12 573 1
12 574 1
12 575 1
12 576 1
12 577 1
12 578 2
12 579 1
12 580 1
12 581 1
12 582 1
12 583 1
12 584 1
12 585 1
12 586 1
12 587 1
12 588 2
12 589 1
12 590 1
12 591 7
12 592 1
12 593 3
12 594 1
12 595 1
12 596 1
12 597 2
12 598 2
12 599 1
12 600 1
12 601 1
12 602 1
12 603 1
12 604 1
12 605 1
12 606 2
12 607 1
12 608 1
12 609 1
12 610 1
12 611 1
12 612 1
12 613 1
12 614 1
12 615 3
12 616 1
12 617 1
12 618 1
12 619 1
13 3 1
13 23 1
13 82 1
13 202 1
13 464 1
13 482 1
13 514 1
13 559 1
13 566 1
13 591 1
13 596 2
13 620 1
13 621 1
13 622 1
13 623 1
13 624 1
13 625 1
13 626 1
13 627 1
13 628 1
13 629 1
13 630 1
13 631 1
13 632 1
13 633 1
13 634 1
13 635 1
13 636 1
13 637 1
13 638 1
13 639 1
13 640 3
13 641 1
14 27 1
14 49 1
14 137 1
14 189 1
14 201 1
14 202 1
14 348 1
14 374 1
14 378 1
14 410 1
14 482 1
14 500 1
14 542 1
14 566 2
14 591 1
14 596 2
14 642 1
14 643 1
14 644 2
14 645 1
14 646 1
14 647 1
14 648 1
14 649 1
14 650 1
14 651 1
14 652 1
14 653 2
14 654 1
14 655 1
14 656 1
14 657 1
14 658 1
14 659 1
14 660 1
14 661 1
14 662 1
14 663 1
14 664 1
14 665 1
14 666 1
14 667 1
14 668 1
14 669 1
14 670 1
14 671 1
14 672 1
14 673 1
14 674 1
14 675 1
14 676 1
14 677 1
14 678 1
14 679 1
14 680 1
14 681 1
14 682 1
14 683 1
14 684 1
14 685 1
14 686 1
14 687 2
14 688 1
14 689 1
14 690 1
14 691 1
14 692 2
14 693 1
14 694 1
14 695 1
14 696 1
14 697 1
15 42 1
15 104 1
15 107 1
15 209 1
15 297 1
15 464 3
15 482 1
15 578 1
15 588 2
15 606 2
15 698 2
15 699 1
15 700 1
15 701 1
15 702 1
15 703 1
15 704 2
15 705 1
15 706 1
15 707 1
15 708 1
15 709 1
15 710 1
15 711 1
15 712 1
15 713 1
15 714 1
16 5 1
16 24 8
16 29 6
16 53 1
16 55 1
16 64 2
16 75 2
16 105 1
16 107 1
16 184 1
16 213 1
16 249 1
16 255 1
16 277 1
16 298 1
16 330 1
16 335 1
16 344 3
16 397 1
16 410 1
16 425 1
16 464 9
16 560 1
16 565 7
16 578 1
16 582 2
16 591 2
16 593 1
16 607 1
16 630 1
16 651 3
16 655 2
16 662 1
16 674 12
16 699 3
16 706 2
16 708 1
16 709 1
16 713 4
16 715 1
16 716 1
16 717 1
16 718 4
16 719 1
16 720 1
16 721 1
16 722 1
16 723 1
16 724 1
16 725 1
16 726 1
16 727 1
16 728 1
16 729 1
16 730 1
16 731 1
16 732 1
16 733 1
16 734 5
16 735 1
16 736 2
16 737 1
16 738 1
16 739 2
16 740 3
16 741 1
16 742 1
16 743 1
16 744 1
16 745 6
16 746 3
16 747 1
16 748 1
16 749 1
16 750 1
16 751 1
16 752 1
16 753 1
16 754 1
16 755 5
16 756 1
16 757 2
16 758 1
16 759 2
16 760 20
16 761 1
16 762 25
16 763 1
16 764 1
16 765 1
16 766 1
16 767 1
16 768 1
16 769 1
16 770 1
16 771 1
16 772 1
16 773 1
16 774 1
16 775 1
16 776 3
16 777 1
16 778 1
16 779 1
16 780 1
16 781 1
16 782 1
16 783 1
16 784 1
16 785 1
16 786 2
16 787 1
16 788 2
16 789 1
16 790 6
16 791 1
16 792 3
16 793 1
16 794 1
16 795 1
16 796 1
16 797 1
16 798 1
16 799 1
16 800 1
16 801 1
16 802 2
16 803 3
16 804 1
16 805 1
16 806 1
16 807 1
16 808 1
16 809 1
16 810 2
16 811 1
16 812 1
16 813 1
16 814 1
16 815 1
16 816 1
16 817 1
16 818 1
16 819 1
16 820 1
16 821 1
16 822 1
16 823 1
16 824 1
16 825 1
16 826 1
16 827 1
16 828 1
16 829 1
16 830 1
16 831 1
16 832 1
16 833 1
16 834 1
16 835 2
16 836 1
16 837 1
16 838 1
16 839 1
16 840 1
16 841 1
16 842 1
16 843 1
16 844 1
16 845 1
16 846 1
16 847 15
16 848 1
17 10 1
17 29 1
17 35 1
17 134 1
17 187 1
17 309 1
17 372 1
17 482 1
17 565 4
17 585 1
17 780 1
17 849 1
17 850 1
17 851 1
17 852 1
17 853 1
17 854 1
17 855 1
17 856 1
17 857 1
17 858 1
17 859 1
17 860 1
17 861 1
17 862 1
17 863 1
18 6 2
18 86 2
18 111 1
18 121 1
18 265 1
18 473 1
18 615 3
18 853 2
18 864 1
18 865 1
18 866 1
18 867 2
18 868 1
18 869 1
18 870 1
18 871 4
18 872 1
18 873 1
18 874 1
18 875 1
19 71 1
19 78 1
19 97 1
19 189 1
19 201 1
19 366 1
19 369 1
19 493 1
19 642 1
19 652 1
19 774 1
19 784 2
19 876 1
19 877 1
19 878 1
19 879 1
19 880 2
19 881 1
19 882 1
19 883 1
19 884 1
19 885 1
19 886 1
19 887 1
19 888 1
19 889 1
19 890 1
19 891 1
19 892 1
19 893 1
19 894 3
19 895 1
19 896 1
19 897 1
19 898 2
19 899 1
19 900 1
19 901 2
19 902 1
19 903 1
19 904 1
19 905 1
19 906 1
19 907 1
19 908 1
19 909 1
19 910 1
19 911 1
19 912 2
19 913 1
19 914 3
19 915 1
20 11 1
20 15 1
20 41 2
20 112 1
20 130 1
20 135 1
20 197 1
20 245 1
20 319 1
20 355 1
20 362 1
20 388 1
20 410 1
20 459 1
20 475 1
20 482 1
20 494 1
20 580 1
20 619 1
20 850 1
20 916 1
20 917 1
20 918 1
20 919 1
20 920 1
20 921 2
20 922 1
20 923 1
20 924 1
20 925 1
20 926 1
20 927 1
20 928 1
20 929 2
20 930 1
20 931 3
20 932 1
20 933 2
20 934 1
20 935 1
20 936 1
20 937 1
20 938 1
20 939 1
20 940 1
20 941 1
20 942 1
20 943 1
20 944 1
20 945 2
20 946 1
20 947 1
20 948 1
21 10 3
21 22 1
21 37 1
21 47 1
21 48 1
21 66 1
21 78 1
21 86 2
21 92 1
21 97 1
21 98 1
21 104 1
21 130 2
21 138 1
21 139 1
21 173 1
21 197 1
21 202 1
21 249 1
21 309 1
21 315 1
21 344 3
21 374 2
21 397 3
21 426 1
21 439 1
21 482 1
21 514 1
21 520 1
21 554 1
21 596 1
21 597 2
21 602 1
21 607 1
21 614 1
21 701 3
21 783 1
21 912 5
21 920 1
21 949 1
21 950 1
21 951 2
21 952 1
21 953 2
21 954 1
21 955 2
21 956 1
21 957 1
21 958 1
21 959 2
21 960 2
21 961 1
21 962 1
21 963 1
21 964 1
21 965 1
21 966 1
21 967 1
21 968 1
21 969 1
21 970 2
21 971 1
21 972 1
21 973 1
21 974 1
21 975 1
21 976 1
21 977 1
21 978 1
21 979 1
21 980 1
21 981 1
21 982 1
21 983 1
21 984 1
22 10 1
22 11 1
22 23 3
22 27 1
22 36 1
22 41 2
22 49 1
22 55 2
22 66 1
22 70 1
22 78 1
22 80 1
22 97 1
22 102 1
22 130 1
22 131 1
22 145 1
22 146 2
22 182 1
22 231 1
22 240 2
22 245 2
22 298 1
22 309 1
22 311 1
22 315 2
22 351 1
22 374 1
22 400 1
22 406 1
22 410 3
22 422 2
22 453 1
22 461 1
22 482 1
22 521 1
22 535 3
22 589 1
22 616 1
22 820 1
22 866 1
22 901 1
22 905 1
22 908 2
22 960 2
22 985 1
22 986 1
22 987 1
22 988 1
22 989 1
22 990 3
22 991 1
22 992 1
22 993 1
22 994 1
22 995 1
22 996 1
22 997 1
22 998 1
22 999 1
22 1000 2
22 1001 1
22 1002 1
22 1003 1
22 1004 1
22 1005 1
22 1006 3
22 1007 1
22 1008 1
22 1009 1
22 1010 1
22 1011 1
22 1012 1
22 1013 1
22 1014 1
22 1015 1
22 1016 1
22 1017 3
22 1018 1
22 1019 1
22 1020 1
22 1021 1
22 1022 1
22 1023 1
22 1024 1
22 1025 1
22 1026 1
22 1027 1
22 1028 1
22 1029 1
23 5 1
23 7 1
23 9 1
23 11 1
23 13 1
23 35 2
23 40 1
23 42 1
23 47 2
23 53 3
23 65 2
23 68 1
23 75 1
23 79 1
23 92 1
23 97 4
23 99 1
23 105 1
23 107 3
23 108 1
23 110 2
23 130 4
23 138 1
23 145 1
23 146 1
23 170 1
23 177 1
23 183 1
23 184 1
23 196 1
23 201 1
23 238 1
23 240 2
23 245 1
23 278 1
23 296 1
23 338 1
23 355 2
23 362 1
23 374 1
23 384 2
23 397 4
23 399 1
23 413 4
23 456 4
23 466 1
23 468 1
23 472 2
23 473 1
23 520 1
23 589 1
23 727 2
23 779 2
23 848 1
23 850 2
23 862 1
23 866 1
23 870 1
23 876 1
23 896 8
23 912 5
23 943 2
23 944 1
23 956 1
23 962 1
23 970 1
23 973 1
23 975 1
23 976 1
23 995 1
23 1030 1
23 1031 1
23 1032 1
23 1033 1
23 1034 1
23 1035 1
23 1036 1
23 1037 1
23 1038 1
23 1039 3
23 1040 1
23 1041 1
23 1042 1
23 1043 2
23 1044 3
23 1045 1
23 1046 1
23 1047 1
23 1048 1
23 1049 1
23 1050 5
23 1051 1
23 1052 1
23 1053 3
23 1054 1
23 1055 1
23 1056 1
23 1057 1
23 1058 2
23 1059 1
23 1060 1
23 1061 2
23 1062 2
23 1063 1
23 1064 1
23 1065 1
23 1066 2
23 1067 2
23 1068 1
23 1069 1
23 1070 2
23 1071 1
23 1072 1
23 1073 1
23 1074 1
23 1075 1
23 1076 3
23 1077 1
23 1078 1
23 1079 1
23 1080 2
23 1081 1
23 1082 5
23 1083 1
23 1084 1
23 1085 1
23 1086 4
23 1087 1
23 1088 3
23 1089 1
23 1090 1
23 1091 1
23 1092 1
23 1093 2
23 1094 1
23 1095 1
23 1096 1
23 1097 1
23 1098 2
23 1099 1
23 1100 1
23 1101 1
23 1102 1
23 1103 1
23 1104 1
23 1105 1
23 1106 1
23 1107 1
23 1108 2
23 1109 1
23 1110 1
23 1111 1
23 1112 1
23 1113 1
23 1114 1
23 1115 1
23 1116 1
23 1117 1
23 1118 1
23 1119 2
23 1120 1
23 1121 1
23 1122 1
23 1123 1
23 1124 3
23 1125 1
23 1126 1
23 1127 2
23 1128 1
23 1129 1
23 1130 1
23 1131 1
23 1132 1
23 1133 1
23 1134 1
23 1135 1
23 1136 1
23 1137 1
23 1138 1
23 1139 1
23 1140 2
23 1141 1
23 1142 1
23 1143 1
23 1144 1
23 1145 1
23 1146 1
23 1147 1
23 1148 2
24 5 1
24 35 1
24 40 4
24 42 3
24 47 1
24 53 2
24 68 2
24 69 1
24 75 1
24 97 2
24 107 7
24 110 1
24 130 6
24 131 1
24 138 1
24 163 2
24 171 1
24 172 1
24 183 1
24 184 1
24 186 2
24 199 2
24 210 1
24 216 1
24 221 1
24 228 1
24 236 1
24 239 1
24 243 1
24 245 2
24 265 1
24 266 2
24 277 1
24 278 1
24 282 1
24 298 2
24 309 1
24 313 2
24 345 1
24 355 1
24 366 3
24 378 1
24 382 1
24 385 1
24 392 1
24 397 1
24 399 1
24 406 1
24 410 1
24 432 1
24 468 2
24 490 1
24 514 1
24 522 3
24 532 1
24 533 1
24 589 1
24 840 1
24 876 2
24 920 1
24 939 1
24 956 1
24 958 1
24 964 1
24 968 2
24 973 1
24 1004 1
24 1007 2
24 1048 1
24 1072 2
24 1085 1
24 1093 3
24 1107 5
24 1117 1
24 1122 5
24 1130 1
24 1131 1
24 1135 1
24 1140 1
24 1149 1
24 1150 1
24 1151 2
24 1152 2
24 1153 1
24 1154 2
24 1155 1
24 1156 1
24 1157 1
24 1158 1
24 1159 2
24 1160 1
24 1161 1
24 1162 17
24 1163 1
24 1164 1
24 1165 1
24 1166 1
24 1167 2
24 1168 2
24 1169 1
24 1170 3
24 1171 1
24 1172 1
24 1173 1
24 1174 1
24 1175 1
24 1176 1
24 1177 2
24 1178 3
24 1179 1
24 1180 1
24 1181 1
24 1182 1
24 1183 1
24 1184 1
24 1185 1
24 1186 1
24 1187 1
24 1188 3
24 1189 1
24 1190 1
24 1191 1
24 1192 1
24 1193 1
24 1194 1
24 1195 2
24 1196 1
24 1197 1
24 1198 2
24 1199 1
24 1200 1
24 1201 1
24 1202 4
24 1203 1
24 1204 1
24 1205 1
24 1206 1
24 1207 1
24 1208 1
24 1209 1
24 1210 1
24 1211 1
24 1212 1
24 1213 1
24 1214 1
24 1215 2
24 1216 1
24 1217 1
24 1218 1
24 1219 1
24 1220 1
24 1221 1
24 1222 1
24 1223 1
24 1224 9
24 1225 2
24 1226 1
24 1227 1
24 1228 1
24 1229 1
24 1230 1
24 1231 1
24 1232 1
24 1233 5
24 1234 3
24 1235 1
24 1236 3
24 1237 2
24 1238 2
24 1239 1
24 1240 3
24 1241 1
24 1242 1
24 1243 1
24 1244 2
24 1245 2
24 1246 3
24 1247 1
25 65 1
25 70 1
25 76 2
25 99 1
25 105 1
25 124 1
25 130 1
25 138 2
25 161 5
25 164 1
25 183 1
25 196 1
25 210 1
25 243 1
25 284 2
25 315 2
25 335 1
25 427 1
25 434 2
25 528 1
25 589 1
25 616 3
25 783 1
25 933 2
25 994 1
25 1130 1
25 1135 2
25 1138 1
25 1141 1
25 1248 1
25 1249 1
25 1250 1
25 1251 1
25 1252 1
25 1253 1
25 1254 1
25 1255 1
25 1256 1
25 1257 1
25 1258 1
25 1259 1
25 1260 1
25 1261 3
25 1262 1
25 1263 1
25 1264 1
25 1265 1
25 1266 1
25 1267 1
25 1268 1
25 1269 1
25 1270 2
25 1271 1
25 1272 3
25 1273 1
25 1274 1
25 1275 1
25 1276 1
25 1277 1
25 1278 1
25 1279 2
25 1280 1
25 1281 2
25 1282 1
25 1283 1
25 1284 1
25 1285 2
25 1286 2
25 1287 3
25 1288 1
25 1289 1
25 1290 2
25 1291 1
25 1292 1
25 1293 2
25 1294 2
25 1295 1
25 1296 1
25 1297 1
26 5 1
26 6 1
26 40 1
26 43 7
26 47 1
26 66 1
26 67 2
26 68 1
26 82 1
26 94 2
26 110 2
26 128 1
26 136 1
26 138 1
26 151 1
26 187 1
26 196 1
26 201 2
26 239 2
26 243 1
26 265 1
26 277 1
26 285 1
26 308 2
26 349 2
26 355 2
26 382 2
26 399 1
26 410 3
26 426 1
26 434 4
26 471 2
26 546 1
26 559 1
26 564 1
26 593 2
26 608 1
26 781 1
26 783 1
26 866 1
26 916 1
26 934 2
26 942 1
26 944 1
26 952 1
26 961 2
26 962 1
26 972 1
26 976 1
26 1004 1
26 1021 2
26 1036 1
26 1039 1
26 1069 1
26 1096 1
26 1140 1
26 1142 1
26 1143 3
26 1156 1
26 1218 2
26 1257 1
26 1298 2
26 1299 1
26 1300 1
26 1301 1
26 1302 3
26 1303 1
26 1304 1
26 1305 1
26 1306 1
26 1307 1
26 1308 2
26 1309 1
26 1310 1
26 1311 2
26 1312 1
26 1313 1
26 1314 1
26 1315 1
26 1316 1
26 1317 2
26 1318 1
26 1319 1
26 1320 1
26 1321 1
26 1322 1
26 1323 1
26 1324 1
26 1325 1
26 1326 1
26 1327 1
26 1328 1
26 1329 1
26 1330 1
26 1331 1
26 1332 3
26 1333 1
26 1334 1
26 1335 1
26 1336 1
26 1337 1
26 1338 1
26 1339 1
26 1340 2
26 1341 1
26 1342 2
26 1343 1
26 1344 2
27 9 1
27 11 3
27 23 1
27 42 4
27 53 1
27 55 2
27 75 2
27 104 1
27 110 1
27 115 2
27 126 1
27 130 3
27 138 1
27 145 1
27 153 1
27 161 1
27 165 1
27 193 6
27 197 1
27 199 1
27 225 4
27 243 1
27 245 2
27 249 1
27 273 1
27 284 1
27 311 2
27 314 1
27 335 1
27 354 1
27 397 3
27 410 1
27 424 1
27 441 1
27 462 1
27 490 1
27 498 3
27 514 1
27 523 1
27 528 1
27 529 1
27 539 1
27 589 2
27 593 1
27 597 15
27 673 1
27 703 1
27 778 1
27 781 4
27 782 1
27 819 1
27 862 1
27 934 1
27 962 1
27 964 2
27 972 2
27 975 1
27 979 1
27 1010 1
27 1011 1
27 1038 1
27 1047 1
27 1062 3
27 1082 3
27 1085 1
27 1118 1
27 1139 1
27 1142 1
27 1160 1
27 1194 1
27 1222 1
27 1233 3
27 1278 1
27 1311 2
27 1345 1
27 1346 1
27 1347 1
27 1348 1
27 1349 1
27 1350 1
27 1351 2
27 1352 2
27 1353 1
27 1354 3
27 1355 1
27 1356 1
27 1357 1
27 1358 1
27 1359 1
27 1360 1
27 1361 1
27 1362 2
27 1363 1
27 1364 1
27 1365 1
27 1366 1
27 1367 1
27 1368 3
27 1369 1
27 1370 1
27 1371 1
27 1372 1
27 1373 1
27 1374 1
27 1375 1
27 1376 1
27 1377 1
27 1378 1
27 1379 2
27 1380 1
27 1381 1
27 1382 1
27 1383 2
27 1384 3
27 1385 1
27 1386 2
27 1387 1
27 1388 1
27 1389 1
27 1390 1
27 1391 1
27 1392 1
27 1393 1
27 1394 1
27 1395 12
27 1396 1
27 1397 7
27 1398 2
27 1399 1
27 1400 2
27 1401 1
27 1402 2
27 1403 1
27 1404 1
27 1405 1
27 1406 1
27 1407 1
27 1408 1
27 1409 3
27 1410 2
27 1411 1
27 1412 1
27 1413 1
27 1414 1
27 1415 1
27 1416 1
27 1417 3
27 1418 1
27 1419 1
27 1420 1
27 1421 1
27 1422 1
27 1423 1
27 1424 1
27 1425 1
27 1426 1
28 11 1
28 42 1
28 49 3
28 55 1
28 97 1
28 99 1
28 107 3
28 112 1
28 130 1
28 138 2
28 161 1
28 193 3
28 201 2
28 210 1
28 231 3
28 265 2
28 308 2
28 374 1
28 397 3
28 417 1
28 466 1
28 468 1
28 472 1
28 473 1
28 480 1
28 495 1
28 520 1
28 580 3
28 589 2
28 597 1
28 614 1
28 655 2
28 727 1
28 781 1
28 802 2
28 848 3
28 850 1
28 862 1
28 929 1
28 934 1
28 942 2
28 949 1
28 961 4
28 962 1
28 965 1
28 968 3
28 972 1
28 974 1
28 975 1
28 985 1
28 987 1
28 1062 1
28 1066 2
28 1072 1
28 1073 1
28 1102 1
28 1110 1
28 1115 3
28 1127 1
28 1136 1
28 1146 1
28 1235 1
28 1312 1
28 1337 2
28 1343 1
28 1372 10
28 1375 1
28 1427 1
28 1428 3
28 1429 1
28 1430 1
28 1431 1
28 1432 1
28 1433 1
28 1434 1
28 1435 1
28 1436 4
28 1437 1
28 1438 1
28 1439 2
28 1440 1
28 1441 1
28 1442 2
28 1443 3
28 1444 1
28 1445 1
28 1446 1
28 1447 2
28 1448 3
28 1449 1
28 1450 2
28 1451 1
28 1452 1
28 1453 1
28 1454 3
28 1455 1
28 1456 1
28 1457 1
28 1458 1
28 1459 3
28 1460 1
29 11 1
29 13 5
29 40 1
29 41 1
29 42 2
29 53 1
29 75 1
29 92 2
29 94 1
29 97 2
29 105 2
29 107 2
29 110 2
29 130 1
29 145 1
29 146 1
29 165 1
29 170 2
29 188 1
29 193 1
29 201 2
29 230 1
29 240 1
29 245 1
29 249 1
29 263 1
29 267 1
29 298 1
29 306 1
29 311 1
29 313 1
29 314 1
29 397 6
29 413 2
29 456 3
29 466 1
29 467 1
29 468 1
29 504 2
29 511 1
29 520 2
29 533 1
29 539 1
29 613 1
29 641 1
29 661 1
29 727 3
29 748 1
29 779 2
29 820 1
29 850 1
29 862 2
29 870 2
29 882 1
29 896 8
29 912 10
29 916 1
29 929 1
29 931 1
29 942 1
29 943 3
29 944 1
29 962 2
29 965 1
29 976 1
29 996 1
29 997 1
29 1001 1
29 1024 1
29 1030 1
29 1039 1
29 1041 1
29 1050 6
29 1051 1
29 1057 1
29 1059 1
29 1060 3
29 1061 1
29 1062 1
29 1066 1
29 1068 1
29 1070 3
29 1076 1
29 1079 1
29 1082 5
29 1083 1
29 1086 1
29 1090 1
29 1092 2
29 1097 2
29 1098 1
29 1100 1
29 1101 4
29 1107 1
29 1108 3
29 1111 1
29 1115 1
29 1118 1
29 1124 1
29 1126 2
29 1132 1
29 1133 2
29 1136 2
29 1145 1
29 1146 3
29 1222 2
29 1272 1
29 1301 1
29 1305 2
29 1360 3
29 1449 1
29 1450 1
29 1461 1
29 1462 1
29 1463 1
29 1464 1
29 1465 1
29 1466 1
29 1467 1
29 1468 1
29 1469 1
29 1470 1
29 1471 1
29 1472 1
29 1473 1
29 1474 1
29 1475 1
29 1476 1
29 1477 1
29 1478 1
29 1479 1
29 1480 1
29 1481 1
29 1482 1
29 1483 1
29 1484 1
29 1485 2
29 1486 1
29 1487 2
29 1488 1
30 5 1
30 6 2
30 11 3
30 22 3
30 23 1
30 24 2
30 27 2
30 40 1
30 41 4
30 42 3
30 47 1
30 53 3
30 65 1
30 68 1
30 70 2
30 90 1
30 97 2
30 99 1
30 102 1
30 104 2
30 107 2
30 126 3
30 130 5
30 138 1
30 146 1
30 151 1
30 154 1
30 155 1
30 161 3
30 164 2
30 180 1
30 186 1
30 188 1
30 189 1
30 195 1
30 196 17
30 219 1
30 221 1
30 227 3
30 233 1
30 245 4
30 263 1
30 284 5
30 294 1
30 311 4
30 314 1
30 337 1
30 338 1
30 348 1
30 349 1
30 361 1
30 365 2
30 378 1
30 380 1
30 382 3
30 397 1
30 404 1
30 413 1
30 424 1
30 429 1
30 434 1
30 461 1
30 463 1
30 471 2
30 472 2
30 473 1
30 529 1
30 539 1
30 576 3
30 577 1
30 589 1
30 593 3
30 727 1
30 748 1
30 781 1
30 782 1
30 866 1
30 869 1
30 870 2
30 876 1
30 892 1
30 897 1
30 920 1
30 924 1
30 929 2
30 943 1
30 952 2
30 961 5
30 962 1
30 966 1
30 968 1
30 972 1
30 996 1
30 1006 11
30 1007 2
30 1010 1
30 1024 2
30 1030 5
30 1046 1
30 1051 1
30 1118 1
30 1125 1
30 1126 1
30 1135 2
30 1136 1
30 1143 1
30 1146 1
30 1156 1
30 1174 1
30 1181 1
30 1182 1
30 1187 1
30 1198 1
30 1233 1
30 1234 4
30 1235 2
30 1238 1
30 1268 1
30 1288 1
30 1289 1
30 1301 1
30 1303 1
30 1319 1
30 1320 1
30 1333 2
30 1336 1
30 1337 2
30 1344 4
30 1372 4
30 1382 1
30 1385 1
30 1420 2
30 1430 1
30 1434 1
30 1436 1
30 1447 1
30 1472 1
30 1485 1
30 1489 1
30 1490 1
30 1491 1
30 1492 1
30 1493 2
30 1494 1
30 1495 3
30 1496 1
30 1497 2
30 1498 2
30 1499 2
30 1500 2
30 1501 3
30 1502 2
30 1503 4
30 1504 1
30 1505 1
30 1506 1
30 1507 1
30 1508 1
30 1509 1
30 1510 2
30 1511 1
30 1512 1
30 1513 1
30 1514 1
30 1515 1
30 1516 1
30 1517 1
30 1518 1
30 1519 1
30 1520 3
30 1521 1
30 1522 1
30 1523 1
30 1524 1
30 1525 1
30 1526 1
30 1527 1
30 1528 1
30 1529 1
30 1530 1
30 1531 1
30 1532 1
30 1533 1
30 1534 1
30 1535 2
30 1536 1
30 1537 1
30 1538 1
30 1539 1
30 1540 1
30 1541 1
30 1542 4
30 1543 2
30 1544 1
30 1545 1
30 1546 1
30 1547 2
30 1548 1
30 1549 3
30 1550 1
30 1551 2
30 1552 1
30 1553 1
30 1554 1
30 1555 2
30 1556 1
30 1557 1
30 1558 1
30 1559 1
30 1560 2
30 1561 2
30 1562 2
30 1563 1
30 1564 1
30 1565 2
30 1566 1
30 1567 3
30 1568 1
30 1569 1
30 1570 1
30 1571 1
30 1572 1
30 1573 1
30 1574 1
30 1575 1
31 3 7
31 5 1
31 10 4
31 11 1
31 23 1
31 40 2
31 42 2
31 48 1
31 49 3
31 52 3
31 65 1
31 66 1
31 83 1
31 102 2
31 104 2
31 105 1
31 106 1
31 107 1
31 112 1
31 121 1
31 122 1
31 130 1
31 138 1
31 161 1
31 163 1
31 171 1
31 173 3
31 181 1
31 182 1
31 184 1
31 201 1
31 202 3
31 265 1
31 270 1
31 284 1
31 285 1
31 297 1
31 303 2
31 313 1
31 335 1
31 344 3
31 351 1
31 409 4
31 434 2
31 447 1
31 462 1
31 533 1
31 565 3
31 589 1
31 597 1
31 820 1
31 853 1
31 871 1
31 908 4
31 916 1
31 953 1
31 962 1
31 991 1
31 1006 1
31 1007 1
31 1040 1
31 1085 2
31 1142 1
31 1143 1
31 1149 1
31 1173 1
31 1300 1
31 1344 1
31 1411 1
31 1427 2
31 1493 1
31 1518 1
31 1576 1
31 1577 2
31 1578 1
31 1579 1
31 1580 1
31 1581 1
31 1582 1
31 1583 1
31 1584 1
31 1585 1
31 1586 1
31 1587 1
31 1588 1
31 1589 1
31 1590 2
31 1591 1
31 1592 1
31 1593 1
31 1594 3
31 1595 1
31 1596 1
31 1597 1
31 1598 1
31 1599 1
31 1600 1
31 1601 1
31 1602 1
31 1603 2
31 1604 2
31 1605 1
31 1606 1
31 1607 1
31 1608 1
31 1609 1
31 1610 1
31 1611 3
31 1612 1
31 1613 1
31 1614 1
31 1615 1
31 1616 1
31 1617 2
32 1 5
32 5 2
32 9 1
32 13 1
32 22 1
32 40 1
32 42 4
32 48 1
32 53 1
32 66 1
32 68 1
32 70 1
32 75 1
32 77 1
32 82 1
32 99 2
32 126 1
32 130 3
32 134 1
32 151 1
32 170 1
32 173 1
32 184 2
32 196 1
32 227 1
32 228 1
32 242 1
32 245 1
32 267 1
32 268 1
32 308 1
32 309 1
32 311 2
32 366 1
32 374 1
32 397 2
32 462 1
32 468 1
32 509 1
32 518 1
32 523 1
32 539 1
32 576 1
32 589 2
32 593 1
32 614 1
32 703 1
32 781 1
32 782 1
32 783 2
32 803 1
32 862 3
32 962 1
32 972 1
32 975 1
32 976 3
32 1110 1
32 1126 1
32 1142 1
32 1149 1
32 1160 1
32 1173 1
32 1201 1
32 1205 1
32 1233 1
32 1234 1
32 1289 1
32 1292 1
32 1311 3
32 1336 1
32 1344 2
32 1346 2
32 1376 1
32 1383 2
32 1409 1
32 1419 2
32 1485 1
32 1492 1
32 1493 1
32 1502 1
32 1503 2
32 1561 1
32 1569 1
32 1608 1
32 1618 1
32 1619 1
32 1620 2
32 1621 1
32 1622 1
32 1623 1
32 1624 1
32 1625 1
32 1626 1
32 1627 1
32 1628 1
32 1629 1
32 1630 1
32 1631 2
32 1632 7
32 1633 1
32 1634 1
32 1635 1
32 1636 6
32 1637 1
32 1638 1
32 1639 1
32 1640 1
32 1641 1
32 1642 1
32 1643 1
32 1644 1
32 1645 1
32 1646 1
32 1647 1
32 1648 1
32 1649 1
32 1650 1
32 1651 1
32 1652 1
32 1653 1
32 1654 1
32 1655 2
32 1656 2
32 1657 2
32 1658 1
32 1659 1
32 1660 1
32 1661 1
32 1662 1
32 1663 1
32 1664 1
32 1665 1
32 1666 1
32 1667 1
32 1668 4
32 1669 1
32 1670 1
32 1671 1
32 1672 1
33 13 1
33 38 1
33 40 1
33 42 1
33 53 1
33 67 1
33 97 1
33 163 1
33 182 1
33 184 2
33 202 2
33 204 1
33 313 1
33 378 3
33 399 3
33 453 1
33 465 1
33 520 1
33 571 1
33 593 1
33 772 1
33 793 1
33 834 1
33 997 1
33 1015 1
33 1074 1
33 1084 2
33 1128 1
33 1238 1
33 1334 1
33 1385 1
33 1410 2
33 1427 1
33 1449 1
33 1562 2
33 1610 2
33 1673 1
33 1674 1
33 1675 1
33 1676 1
33 1677 2
33 1678 2
33 1679 1
33 1680 1
33 1681 1
33 1682 2
33 1683 1
33 1684 1
33 1685 1
33 1686 1
33 1687 2
33 1688 1
33 1689 1
33 1690 3
33 1691 1
33 1692 1
33 1693 1
33 1694 1
33 1695 3
33 1696 1
33 1697 1
33 1698 1
33 1699 1
33 1700 7
33 1701 1
34 1 3
34 6 1
34 16 1
34 22 3
34 23 6
34 27 3
34 40 4
34 41 1
34 42 6
34 47 2
34 49 1
34 64 1
34 66 2
34 67 4
34 69 1
34 75 1
34 78 1
34 79 2
34 80 2
34 82 2
34 94 1
34 97 2
34 104 3
34 105 2
34 107 2
34 112 4
34 114 3
34 130 10
34 131 2
34 138 5
34 145 2
34 146 1
34 161 1
34 164 1
34 177 1
34 179 2
34 180 1
34 193 1
34 196 11
34 199 3
34 201 1
34 202 3
34 220 2
34 227 1
34 228 2
34 229 2
34 231 1
34 243 1
34 245 1
34 263 1
34 265 5
34 270 1
34 271 1
34 278 1
34 281 1
34 284 1
34 290 2
34 292 1
34 298 1
34 301 1
34 302 2
34 307 1
34 308 1
34 311 1
34 314 1
34 318 3
34 326 1
34 330 1
34 335 4
34 336 1
34 337 1
34 367 1
34 385 1
34 388 1
34 391 1
34 392 1
34 393 1
34 397 5
34 399 4
34 409 1
34 410 1
34 411 1
34 429 1
34 432 2
34 434 3
34 461 1
34 468 2
34 473 1
34 494 3
34 514 1
34 521 1
34 525 1
34 531 2
34 533 2
34 544 1
34 547 1
34 554 1
34 558 11
34 559 1
34 560 1
34 589 3
34 593 11
34 595 4
34 661 1
34 781 1
34 782 2
34 783 1
34 848 2
34 850 1
34 876 1
34 897 1
34 920 1
34 924 1
34 929 2
34 933 1
34 936 7
34 939 1
34 943 2
34 951 1
34 961 1
34 967 1
34 972 1
34 974 2
34 987 1
34 1006 1
34 1011 2
34 1015 3
34 1055 2
34 1101 2
34 1106 1
34 1110 1
34 1117 1
34 1125 1
34 1142 1
34 1143 2
34 1156 3
34 1157 1
34 1174 1
34 1179 1
34 1183 2
34 1220 1
34 1240 1
34 1242 1
34 1248 1
34 1264 1
34 1275 2
34 1286 1
34 1288 2
34 1292 1
34 1301 1
34 1319 2
34 1320 3
34 1333 3
34 1335 1
34 1344 5
34 1368 4
34 1373 2
34 1383 1
34 1409 2
34 1424 1
34 1444 1
34 1453 1
34 1473 1
34 1478 1
34 1485 1
34 1497 1
34 1500 1
34 1501 1
34 1502 1
34 1503 1
34 1505 4
34 1508 1
34 1513 3
34 1514 2
34 1531 1
34 1538 1
34 1539 3
34 1545 2
34 1569 1
34 1571 1
34 1600 1
34 1633 1
34 1667 1
34 1682 11
34 1702 1
34 1703 1
34 1704 3
34 1705 1
34 1706 1
34 1707 1
34 1708 1
34 1709 1
34 1710 1
34 1711 1
34 1712 1
34 1713 5
34 1714 1
34 1715 2
34 1716 1
34 1717 1
34 1718 13
34 1719 1
34 1720 1
34 1721 2
34 1722 1
34 1723 1
34 1724 1
34 1725 1
34 1726 1
34 1727 1
34 1728 1
34 1729 1
34 1730 1
34 1731 1
34 1732 1
34 1733 1
34 1734 1
34 1735 1
34 1736 1
34 1737 1
34 1738 1
34 1739 1
34 1740 1
34 1741 1
34 1742 1
34 1743 1
34 1744 1
34 1745 1
34 1746 1
34 1747 1
34 1748 1
34 1749 1
34 1750 2
34 1751 1
34 1752 1
34 1753 1
34 1754 2
34 1755 2
34 1756 1
34 1757 1
34 1758 1
34 1759 1
34 1760 1
34 1761 1
34 1762 1
34 1763 1
34 1764 1
34 1765 1
34 1766 2
34 1767 1
34 1768 1
34 1769 1
34 1770 1
34 1771 1
34 1772 2
34 1773 2
34 1774 1
34 1775 1
34 1776 1
34 1777 1
34 1778 1
34 1779 5
34 1780 1
34 1781 1
34 1782 1
34 1783 1
34 1784 2
34 1785 1
34 1786 1
34 1787 1
34 1788 1
34 1789 2
34 1790 3
34 1791 1
34 1792 2
34 1793 1
34 1794 1
34 1795 1
34 1796 5
34 1797 3
34 1798 5
34 1799 1
34 1800 1
34 1801 1
34 1802 1
34 1803 1
34 1804 4
34 1805 2
34 1806 1
34 1807 4
34 1808 6
34 1809 1
34 1810 1
34 1811 1
34 1812 1
34 1813 1
34 1814 2
34 1815 1
34 1816 2
34 1817 1
34 1818 2
34 1819 1
34 1820 1
34 1821 1
34 1822 1
34 1823 1
34 1824 1
34 1825 1
34 1826 1
34 1827 1
34 1828 1
34 1829 1
35 11 2
35 75 1
35 90 1
35 97 1
35 112 1
35 130 1
35 138 1
35 177 1
35 265 1
35 266 1
35 373 1
35 427 1
35 468 1
35 475 1
35 511 1
35 554 1
35 602 1
35 619 1
35 781 1
35 943 2
35 972 1
35 1014 3
35 1039 1
35 1074 1
35 1115 1
35 1339 6
35 1343 1
35 1344 1
35 1383 1
35 1446 1
35 1561 2
35 1830 1
35 1831 1
35 1832 1
35 1833 4
35 1834 5
35 1835 2
35 1836 1
35 1837 1
35 1838 1
35 1839 1
35 1840 1
35 1841 1
35 1842 1
36 11 2
36 13 1
36 21 1
36 23 1
36 26 1
36 40 1
36 42 2
36 55 1
36 70 1
36 78 1
36 79 1
36 96 1
36 104 4
36 105 1
36 112 2
36 130 6
36 151 1
36 163 1
36 173 3
36 183 2
36 184 1
36 190 1
36 196 3
36 197 1
36 214 2
36 227 1
36 228 2
36 243 1
36 265 1
36 284 1
36 301 1
36 315 1
36 326 1
36 338 1
36 355 4
36 373 1
36 385 1
36 432 1
36 434 2
36 453 1
36 462 1
36 509 1
36 514 1
36 521 1
36 559 1
36 576 3
36 593 2
36 615 1
36 661 1
36 692 1
36 745 1
36 866 2
36 892 1
36 896 3
36 916 2
36 920 1
36 942 1
36 943 1
36 951 1
36 952 2
36 967 1
36 972 1
36 974 1
36 977 1
36 1004 1
36 1006 2
36 1010 2
36 1024 1
36 1028 1
36 1038 1
36 1094 1
36 1100 1
36 1142 1
36 1145 1
36 1146 2
36 1215 2
36 1225 1
36 1234 2
36 1300 1
36 1319 1
36 1343 1
36 1344 6
36 1368 1
36 1373 7
36 1441 1
36 1447 1
36 1472 2
36 1473 1
36 1476 1
36 1501 1
36 1518 1
36 1531 1
36 1585 1
36 1600 1
36 1682 2
36 1718 12
36 1729 1
36 1737 1
36 1744 1
36 1776 1
36 1809 1
36 1821 1
36 1834 1
36 1843 1
36 1844 1
36 1845 1
36 1846 3
36 1847 1
36 1848 1
36 1849 1
36 1850 2
36 1851 1
36 1852 1
36 1853 1
36 1854 1
36 1855 1
36 1856 1
36 1857 1
36 1858 1
36 1859 4
36 1860 1
36 1861 1
36 1862 1
36 1863 1
36 1864 3
36 1865 1
36 1866 1
36 1867 1
36 1868 1
36 1869 1
36 1870 1
36 1871 2
36 1872 1
36 1873 4
36 1874 1
36 1875 2
36 1876 1
36 1877 1
36 1878 1
36 1879 1
36 1880 1
36 1881 1
36 1882 3
36 1883 2
36 1884 1
36 1885 1
36 1886 1
36 1887 1
37 23 5
37 40 2
37 42 3
37 53 1
37 70 2
37 78 1
37 97 1
37 99 1
37 104 1
37 138 1
37 196 5
37 201 1
37 202 3
37 228 5
37 231 1
37 236 1
37 243 1
37 249 1
37 298 1
37 311 3
37 318 1
37 409 1
37 427 1
37 531 1
37 547 2
37 559 5
37 589 2
37 619 1
37 949 1
37 961 1
37 974 1
37 1086 1
37 1102 1
37 1121 1
37 1136 1
37 1173 1
37 1174 2
37 1220 1
37 1234 1
37 1268 1
37 1320 2
37 1333 2
37 1344 1
37 1368 1
37 1373 2
37 1375 1
37 1497 1
37 1507 1
37 1513 1
37 1539 1
37 1614 1
37 1666 1
37 1672 1
37 1682 1
37 1718 9
37 1737 1
37 1821 1
37 1837 1
37 1888 1
37 1889 1
37 1890 1
37 1891 1
37 1892 1
37 1893 1
37 1894 1
37 1895 1
37 1896 2
37 1897 2
37 1898 1
37 1899 2
37 1900 1
37 1901 1
37 1902 1
37 1903 1
37 1904 1
38 21 3
38 22 1
38 38 12
38 80 1
38 137 4
38 191 1
38 216 1
38 361 6
38 532 1
38 710 3
38 860 1
38 987 1
38 1102 1
38 1122 1
38 1446 1
38 1660 7
38 1684 3
38 1700 2
38 1717 1
38 1905 1
38 1906 2
38 1907 1
38 1908 1
38 1909 3
38 1910 1
38 1911 1
38 1912 8
38 1913 1
38 1914 1
38 1915 1
38 1916 1
38 1917 1
38 1918 1
38 1919 1
38 1920 1
38 1921 2
38 1922 1
38 1923 1
38 1924 1
38 1925 1
38 1926 1
38 1927 1
38 1928 1
38 1929 1
38 1930 1
38 1931 2
38 1932 3
38 1933 1
38 1934 1
38 1935 2
38 1936 3
38 1937 9
38 1938 2
38 1939 1
38 1940 1
38 1941 1
38 1942 1
38 1943 2
38 1944 2
38 1945 1
38 1946 1
38 1947 1
38 1948 1
38 1949 2
38 1950 2
38 1951 3
38 1952 1
38 1953 2
38 1954 2
38 1955 1
38 1956 1
38 1957 1
38 1958 1
38 1959 1
39 21 13
39 22 1
39 23 1
39 38 21
39 97 1
39 124 4
39 137 10
39 172 1
39 202 1
39 213 1
39 229 1
39 410 1
39 461 1
39 593 1
39 646 1
39 718 1
39 727 1
39 776 3
39 792 1
39 816 2
39 869 3
39 903 1
39 942 1
39 993 2
39 1039 1
39 1128 1
39 1204 1
39 1390 1
39 1430 1
39 1446 1
39 1684 1
39 1709 1
39 1718 6
39 1856 1
39 1906 1
39 1907 1
39 1917 1
39 1934 1
39 1937 19
39 1941 2
39 1951 1
39 1954 4
39 1959 5
39 1960 1
39 1961 1
39 1962 1
39 1963 1
39 1964 1
39 1965 5
39 1966 1
39 1967 1
39 1968 1
39 1969 1
39 1970 1
39 1971 1
39 1972 1
39 1973 1
39 1974 1
39 1975 4
39 1976 1
39 1977 1
39 1978 1
39 1979 1
39 1980 1
39 1981 2
39 1982 1
39 1983 1
39 1984 2
39 1985 1
39 1986 2
39 1987 2
39 1988 1
39 1989 1
39 1990 1
39 1991 1
39 1992 1
39 1993 1
39 1994 1
39 1995 1
39 1996 1
39 1997 1
39 1998 1
39 1999 1
39 2000 2
39 2001 1
39 2002 1
39 2003 1
39 2004 6
39 2005 1
39 2006 2
39 2007 1
39 2008 1
39 2009 2
39 2010 1
39 2011 1
39 2012 2
39 2013 1
39 2014 1
39 2015 2
39 2016 2
39 2017 3
39 2018 1
39 2019 1
39 2020 1
39 2021 1
39 2022 1
39 2023 2
39 2024 1
39 2025 1
39 2026 1
39 2027 1
39 2028 3
39 2029 3
39 2030 5
39 2031 1
39 2032 1
39 2033 1
39 2034 1
39 2035 4
39 2036 2
39 2037 3
39 2038 3
39 2039 2
39 2040 1
39 2041 1
39 2042 2
39 2043 1
39 2044 1
39 2045 1
39 2046 1
39 2047 1
39 2048 3
39 2049 1
39 2050 1
39 2051 1
39 2052 1
39 2053 1
39 2054 1
39 2055 2
39 2056 1
39 2057 1
40 49 1
40 78 1
40 112 1
40 130 1
40 216 1
40 265 1
40 311 1
40 399 1
40 426 1
40 533 1
40 874 1
40 939 1
40 972 1
40 1010 5
40 1065 1
40 1068 1
40 1115 1
40 1233 3
40 1242 1
40 1335 2
40 1344 1
40 1535 2
40 1664 1
40 1718 1
40 1813 1
40 1921 3
40 2058 1
40 2059 1
40 2060 1
40 2061 1
40 2062 1
40 2063 1
40 2064 1
40 2065 2
40 2066 2
41 11 1
41 130 1
41 219 1
41 231 1
41 249 2
41 319 4
41 461 1
41 472 1
41 514 1
41 661 1
41 972 1
41 1074 1
41 1115 1
41 1337 1
41 1718 2
41 2067 2
41 2068 1
41 2069 1
41 2070 1
41 2071 1
41 2072 1
42 11 2
42 22 1
42 27 1
42 40 1
42 41 1
42 49 1
42 62 2
42 65 1
42 97 1
42 104 1
42 112 3
42 125 3
42 130 7
42 146 2
42 180 2
42 183 1
42 199 1
42 214 2
42 227 2
42 265 3
42 330 1
42 351 1
42 385 2
42 424 1
42 589 1
42 621 2
42 733 1
42 793 1
42 964 1
42 972 1
42 973 1
42 1050 1
42 1092 1
42 1115 1
42 1128 1
42 1139 1
42 1156 3
42 1186 1
42 1236 2
42 1245 1
42 1332 1
42 1373 1
42 1405 1
42 1410 1
42 1508 2
42 1514 1
42 1526 1
42 1527 1
42 1706 2
42 1718 2
42 1732 1
42 1733 1
42 1768 1
42 1773 1
42 1817 1
42 1868 1
42 2020 1
42 2073 1
42 2074 2
42 2075 1
42 2076 2
42 2077 2
42 2078 4
42 2079 2
42 2080 3
42 2081 1
42 2082 1
42 2083 2
42 2084 2
42 2085 1
42 2086 2
42 2087 3
42 2088 6
42 2089 2
42 2090 4
42 2091 2
42 2092 2
42 2093 1
42 2094 1
42 2095 1
42 2096 1
42 2097 1
42 2098 1
42 2099 1
42 2100 1
42 2101 1
42 2102 1
42 2103 1
42 2104 2
42 2105 1
42 2106 6
42 2107 1
42 2108 1
42 2109 3
43 24 1
43 31 1
43 56 1
43 138 1
43 184 3
43 196 2
43 201 1
43 228 2
43 230 1
43 397 1
43 468 2
43 748 1
43 850 2
43 1021 1
43 1115 2
43 1126 1
43 1143 1
43 1332 2
43 1433 2
43 1537 1
43 1554 3
43 1585 1
43 1664 1
43 1718 4
43 1901 1
43 2089 1
43 2110 1
43 2111 1
43 2112 1
44 11 2
44 355 2
44 376 1
44 397 2
44 655 1
44 870 1
44 934 1
44 1102 1
44 1156 1
44 1215 1
44 1516 1
44 1606 1
44 1921 1
44 2113 1
44 2114 1
44 2115 1
44 2116 3
44 2117 3
44 2118 1
45 41 1
45 47 2
45 65 1
45 117 2
45 128 1
45 130 1
45 181 1
45 197 2
45 214 1
45 245 1
45 362 1
45 432 1
45 466 1
45 472 1
45 495 1
45 881 1
45 943 1
45 946 1
45 968 3
45 1021 1
45 1242 2
45 1247 1
45 1441 1
45 1614 1
45 1700 1
45 1784 2
45 1813 1
45 1819 1
45 1844 2
45 1921 1
45 2119 1
45 2120 1
45 2121 2
45 2122 1
45 2123 1
45 2124 1
45 2125 2
46 21 6
46 38 9
46 44 1
46 137 6
46 172 3
46 504 1
46 531 1
46 718 1
46 727 1
46 776 1
46 822 1
46 842 2
46 869 1
46 951 1
46 1122 2
46 1135 3
46 1446 1
46 1633 4
46 1700 1
46 1731 1
46 1734 1
46 1906 1
46 1907 2
46 1912 1
46 1922 1
46 1937 8
46 1939 1
46 1951 1
46 1952 5
46 1954 4
46 1956 1
46 1959 1
46 1971 2
46 1972 1
46 1976 2
46 2000 1
46 2019 1
46 2022 2
46 2054 1
46 2126 1
46 2127 1
46 2128 1
46 2129 1
46 2130 1
46 2131 1
46 2132 1
46 2133 1
46 2134 1
46 2135 1
46 2136 1
46 2137 1
46 2138 1
46 2139 1
46 2140 1
46 2141 1
46 2142 1
46 2143 1
46 2144 1
46 2145 1
46 2146 1
46 2147 1
46 2148 2
46 2149 1
46 2150 1
46 2151 1
46 2152 1
46 2153 1
46 2154 1
46 2155 1
46 2156 1
46 2157 1
46 2158 3
46 2159 1
46 2160 2
46 2161 1
46 2162 2
46 2163 1
46 2164 3
46 2165 1
46 2166 1
46 2167 1
46 2168 1
46 2169 1
46 2170 1
46 2171 1
46 2172 1
46 2173 2
46 2174 1
46 2175 1
46 2176 1
46 2177 1
46 2178 1
46 2179 1
46 2180 2
46 2181 2
46 2182 1
46 2183 1
47 31 1
47 49 1
47 53 2
47 56 1
47 82 1
47 130 2
47 161 1
47 180 2
47 196 1
47 202 2
47 228 2
47 242 1
47 298 1
47 345 1
47 365 1
47 373 1
47 374 1
47 528 1
47 589 1
47 1021 1
47 1043 1
47 1081 1
47 1115 1
47 1143 1
47 1156 1
47 1178 1
47 1222 1
47 1275 1
47 1312 1
47 1333 2
47 1335 1
47 1472 1
47 1508 1
47 1548 1
47 1556 1
47 1557 1
47 1718 2
47 2060 1
47 2184 1
47 2185 2
47 2186 1
47 2187 1
47 2188 1
47 2189 1
48 49 1
48 120 1
48 219 1
48 249 1
48 313 2
48 425 1
48 468 1
48 869 1
48 972 1
48 995 2
48 1014 1
48 1051 1
48 1115 1
48 1344 1
48 1430 1
48 1718 1
48 1779 1
48 2190 2
48 2191 1
48 2192 1
48 2193 1
48 2194 1
48 2195 2
48 2196 2
48 2197 1
48 2198 2
48 2199 2
49 1 1
49 16 1
49 41 1
49 49 1
49 75 1
49 82 1
49 97 1
49 106 1
49 107 1
49 112 1
49 139 1
49 145 1
49 146 1
49 156 1
49 196 2
49 216 1
49 220 1
49 231 3
49 242 2
49 265 2
49 267 1
49 311 2
49 345 1
49 380 1
49 440 1
49 491 1
49 528 1
49 820 1
49 929 2
49 933 2
49 943 3
49 946 1
49 952 1
49 972 1
49 987 2
49 1004 1
49 1006 1
49 1055 1
49 1062 1
49 1102 5
49 1117 1
49 1173 1
49 1192 1
49 1233 1
49 1236 7
49 1242 2
49 1244 4
49 1245 1
49 1371 1
49 1393 1
49 1405 1
49 1410 1
49 1428 1
49 1508 2
49 1526 1
49 1538 1
49 1638 1
49 1706 4
49 1765 1
49 1777 1
49 2116 2
49 2191 2
49 2200 1
49 2201 1
49 2202 1
49 2203 1
49 2204 1
49 2205 1
49 2206 1
49 2207 1
49 2208 3
49 2209 1
49 2210 1
49 2211 1
49 2212 1
49 2213 1
49 2214 1
49 2215 1
50 21 4
50 38 6
50 122 1
50 137 2
50 146 1
50 272 1
50 373 1
50 597 1
50 625 1
50 906 1
50 1039 1
50 1410 1
50 1543 6
50 1600 1
50 1684 3
50 1718 2
50 1877 1
50 1905 1
50 1907 2
50 1917 1
50 1934 5
50 1937 5
50 1951 1
50 1952 2
50 1954 1
50 1959 3
50 1971 1
50 1980 2
50 2000 2
50 2022 1
50 2038 1
50 2156 1
50 2160 1
50 2166 2
50 2216 1
50 2217 1
50 2218 1
50 2219 1
50 2220 1
50 2221 1
50 2222 1
50 2223 1
50 2224 1
50 2225 1
50 2226 1
50 2227 1
50 2228 1
50 2229 1
50 2230 2
50 2231 1
50 2232 1
50 2233 1
50 2234 4
50 2235 1
50 2236 7
50 2237 2
50 2238 1
50 2239 4
50 2240 1
50 2241 2
50 2242 1
50 2243 1
50 2244 1
50 2245 1
50 2246 1
50 2247 6
50 2248 1
50 2249 1
50 2250 1
50 2251 1
50 2252 1
50 2253 1
50 2254 1
50 2255 1
50 2256 1
50 2257 1
50 2258 1
50 2259 1
50 2260 1
50 2261 1
50 2262 2
50 2263 1
50 2264 1
50 2265 2
50 2266 3
50 2267 1
50 2268 1
50 2269 1
50 2270 1
50 2271 1
50 2272 1
50 2273 1
50 2274 1
51 21 2
51 22 1
51 38 18
51 137 5
51 146 1
51 710 1
51 776 1
51 906 1
51 1309 1
51 1494 1
51 1543 1
51 1684 4
51 1718 1
51 1734 1
51 1906 2
51 1915 1
51 1921 4
51 1927 1
51 1934 1
51 1937 8
51 1950 4
51 1951 1
51 1952 2
51 1954 9
51 1958 1
51 1965 1
51 1971 1
51 1972 1
51 1973 2
51 1980 1
51 1989 3
51 2013 1
51 2027 1
51 2054 3
51 2083 1
51 2090 1
51 2132 3
51 2151 2
51 2160 1
51 2166 1
51 2171 8
51 2173 2
51 2218 1
51 2228 1
51 2237 1
51 2242 2
51 2243 1
51 2262 1
51 2265 1
51 2271 1
51 2272 1
51 2273 2
51 2275 1
51 2276 1
51 2277 1
51 2278 2
51 2279 1
51 2280 1
51 2281 1
51 2282 1
51 2283 2
51 2284 1
51 2285 1
51 2286 1
51 2287 2
51 2288 1
51 2289 1
51 2290 1
51 2291 1
51 2292 1
51 2293 2
51 2294 1
51 2295 1
51 2296 3
51 2297 1
51 2298 1
51 2299 1
51 2300 3
51 2301 1
51 2302 2
51 2303 2
51 2304 1
51 2305 2
51 2306 1
51 2307 1
51 2308 1
51 2309 2
51 2310 1
51 2311 1
51 2312 1
51 2313 1
51 2314 1
51 2315 1
51 2316 1
51 2317 1
51 2318 1
51 2319 1
51 2320 1
51 2321 3
51 2322 1
51 2323 1
51 2324 1
51 2325 1
51 2326 1
51 2327 1
51 2328 1
51 2329 1
51 2330 2
51 2331 1
52 21 2
52 38 2
52 67 1
52 137 3
52 444 1
52 461 1
52 869 1
52 1061 1
52 1135 1
52 1335 1
52 1684 1
52 1724 2
52 1906 2
52 1907 2
52 1928 1
52 1937 6
52 1938 1
52 1940 1
52 1951 2
52 1952 1
52 1954 1
52 1987 1
52 2000 2
52 2022 1
52 2039 1
52 2045 1
52 2048 1
52 2050 1
52 2051 1
52 2115 1
52 2127 1
52 2130 1
52 2223 1
52 2237 1
52 2242 1
52 2265 1
52 2273 1
52 2274 1
52 2283 3
52 2286 1
52 2291 1
52 2293 1
52 2310 1
52 2321 1
52 2330 2
52 2332 1
52 2333 1
52 2334 1
52 2335 2
52 2336 1
52 2337 1
52 2338 2
52 2339 3
52 2340 1
52 2341 4
52 2342 1
52 2343 3
52 2344 1
52 2345 1
52 2346 1
52 2347 1
52 2348 1
52 2349 1
52 2350 1
52 2351 1
52 2352 1
52 2353 1
52 2354 1
52 2355 1
52 2356 1
52 2357 1
52 2358 1
52 2359 1
52 2360 1
52 2361 1
52 2362 1
52 2363 1
52 2364 1
52 2365 1
52 2366 1
52 2367 1
52 2368 1
52 2369 1
52 2370 1
52 2371 1
52 2372 1
53 21 4
53 22 3
53 31 1
53 38 14
53 44 2
53 137 7
53 146 1
53 172 1
53 444 1
53 491 2
53 504 2
53 710 1
53 727 2
53 781 1
53 1090 5
53 1135 1
53 1214 1
53 1236 1
53 1390 1
53 1410 1
53 1446 1
53 1543 1
53 1630 1
53 1636 2
53 1657 3
53 1684 3
53 1718 2
53 1724 5
53 1742 1
53 1820 1
53 1906 2
53 1907 5
53 1913 1
53 1915 1
53 1934 1
53 1937 18
53 1938 2
53 1950 3
53 1951 3
53 1952 6
53 1954 10
53 1958 1
53 1959 4
53 1964 3
53 1969 2
53 1971 1
53 1976 3
53 1987 1
53 1988 1
53 2000 2
53 2001 1
53 2019 1
53 2022 1
53 2036 1
53 2045 2
53 2050 1
53 2054 2
53 2090 2
53 2130 1
53 2140 1
53 2160 6
53 2162 1
53 2166 3
53 2167 1
53 2168 1
53 2174 1
53 2175 2
53 2180 1
53 2183 1
53 2242 3
53 2262 1
53 2265 2
53 2273 4
53 2274 1
53 2286 1
53 2293 1
53 2296 2
53 2297 1
53 2302 1
53 2305 2
53 2307 1
53 2308 3
53 2326 1
53 2333 1
53 2335 1
53 2347 1
53 2349 1
53 2356 2
53 2359 6
53 2360 4
53 2368 1
53 2370 1
53 2371 1
53 2372 1
53 2373 1
53 2374 1
53 2375 1
53 2376 1
53 2377 1
53 2378 3
53 2379 1
53 2380 2
53 2381 1
53 2382 2
53 2383 2
53 2384 1
53 2385 1
53 2386 1
53 2387 1
53 2388 1
53 2389 1
53 2390 1
53 2391 1
53 2392 1
53 2393 1
53 2394 1
53 2395 1
53 2396 1
53 2397 1
53 2398 1
53 2399 1
53 2400 1
53 2401 1
53 2402 1
53 2403 1
53 2404 1
53 2405 1
53 2406 1
53 2407 1
53 2408 1
53 2409 1
53 2410 2
53 2411 1
53 2412 1
53 2413 1
53 2414 1
53 2415 1
53 2416 1
53 2417 1
53 2418 1
53 2419 1
53 2420 1
53 2421 1
53 2422 1
53 2423 1
53 2424 1
53 2425 1
53 2426 1
53 2427 1
53 2428 1
53 2429 1
53 2430 1
53 2431 1
53 2432 1
53 2433 2
53 2434 1
53 2435 1
53 2436 1
53 2437 1
53 2438 1
53 2439 2
53 2440 1
53 2441 1
53 2442 1
53 2443 1
53 2444 1
53 2445 1
53 2446 1
53 2447 1
53 2448 1
53 2449 1
53 2450 1
53 2451 1
53 2452 1
53 2453 1
53 2454 1
53 2455 1
53 2456 2
53 2457 1
53 2458 1
53 2459 1
53 2460 3
53 2461 2
53 2462 1
53 2463 1
53 2464 1
54 21 4
54 31 2
54 38 12
54 107 1
54 137 3
54 345 1
54 491 1
54 718 1
54 1210 2
54 1543 1
54 1660 1
54 1684 4
54 1718 1
54 1870 1
54 1906 3
54 1907 1
54 1915 1
54 1934 2
54 1937 3
54 1951 1
54 1952 3
54 1954 4
54 1962 4
54 1971 2
54 1980 1
54 2000 1
54 2022 2
54 2054 1
54 2154 1
54 2161 1
54 2162 1
54 2233 1
54 2241 1
54 2251 1
54 2265 1
54 2273 1
54 2299 1
54 2310 1
54 2313 1
54 2343 1
54 2437 1
54 2465 1
54 2466 2
54 2467 1
54 2468 1
54 2469 3
54 2470 1
54 2471 1
54 2472 1
54 2473 1
54 2474 1
54 2475 1
54 2476 1
54 2477 1
54 2478 2
54 2479 1
54 2480 1
54 2481 3
54 2482 1
54 2483 1
54 2484 3
54 2485 1
54 2486 1
54 2487 1
54 2488 1
54 2489 3
54 2490 1
54 2491 1
54 2492 1
54 2493 1
54 2494 2
54 2495 1
54 2496 2
54 2497 1
54 2498 2
54 2499 1
54 2500 1
54 2501 1
54 2502 1
54 2503 1
54 2504 1
54 2505 1
54 2506 1
54 2507 1
54 2508 1
54 2509 2
54 2510 1
54 2511 1
54 2512 1
54 2513 1
54 2514 1
54 2515 1
54 2516 1
